Salilye	287	1 (Excellent)	36	15	61	2 (2016-08-19)	3	3	74	 01001010
Siouxe	4075	1 (Excellent)	37	16	36	3 (2016-08-05)	3	44	22	 00010110
Arillia	3196	1 (Excellent)	30	19	48	3 (2016-08-11)	3	40	36	 00020100
Balthier	2900	1 (Excellent)	26	21	6	3 (2016-08-05)	2	38	20	 00010100
Veanda	2830	1 (Excellent)	23	22	56	4 (2016-07-15)	1	43	2	 00000010
Idaen	2483	1 (Excellent)	46	23	57	3 (2016-08-12)	4	39	39	 00100111
Gotjja	2777	1 (Excellent)	43	25	50	2 (2016-08-25)	4	45	148	 02010100
Action	4036	1 (Excellent)	32	26	20	2 (2016-08-25)	3	66	74	 01001010
Batevil	3011	1 (Excellent)	63	27	51	2 (2016-08-25)	6	52	164	 02020020
Keltiklen	3619	1 (Excellent)	15	28	54	4 (2016-06-30)	0	66	0	 00000000
Chewi	2293	1 (Excellent)	29	32	2	3 (2016-08-11)	3	44	22	 00010110
Lekri	1561	1 (Excellent)	39	33	25	3 (2016-08-11)	3	30	19	 00010011
Darom	956	1 (Excellent)	44	35	7	3 (2016-08-11)	4	20	23	 00010111
Ilsidri	1049	1 (Excellent)	51	38	29	1 (2016-08-26)	5	23	203	 11001011
Sargtlin	3310	1 (Excellent)	25	39	43	3 (2016-08-05)	2	74	17	 00010001
Shootmx	3486	1 (Excellent)	72	40	13	2 (2016-08-19)	8	78	235	 03021011
Starchild	3082	1 (Excellent)	57	41	24	2 (2016-08-19)	5	69	103	 01100111
Malvolio	1027	1 (Excellent)	68	42	53	2 (2016-08-19)	6	23	179	 02110011
Kanjin	3566	1 (Excellent)	28	43	5	2 (2016-08-25)	2	80	65	 01000001
Kalyca	132	1 (Excellent)	40	45	76	3 (2016-08-12)	3	3	56	 00111000
Minx	874	1 (Excellent)	56	48	31	2 (2016-08-25)	5	21	86	 01010102
Thalas	1067	1 (Excellent)	53	49	16	2 (2016-08-19)	5	26	85	 01010021
Wenya	856	1 (Excellent)	48	50	52	3 (2016-08-12)	4	21	53	 00110101
Velos	1208	1 (Excellent)	31	51	35	2 (2016-08-19)	3	30	67	 01000011
Vitriol	194	1 (Excellent)	64	52	81	2 (2016-08-25)	5	5	102	 01020110
Alore	917	1 (Excellent)	49	55	41	2 (2016-08-25)	4	24	83	 01010011
Ilyanir	715	1 (Excellent)	58	56	28	2 (2016-08-25)	5	19	141	 02001101
Olarien	282	1 (Excellent)	69	58	64	2 (2016-08-25)	7	8	151	 02002111
Madstomper	791	1 (Excellent)	27	59	34	3 (2016-08-05)	2	23	17	 00010001
Arukus	633	1 (Excellent)	47	60	62	2 (2016-08-19)	4	19	78	 01001110
Koramor	260	1 (Excellent)	75	62	68	2 (2016-08-19)	7	8	107	 01020211
Latrezis	190	1 (Excellent)	60	63	71	2 (2016-08-25)	6	6	122	 01111002
Calloneous	252	1 (Excellent)	38	64	70	2 (2016-08-19)	3	8	84	 01010100
Bashhum	992	1 (Excellent)	76	66	55	2 (2016-08-19)	7	34	100	 01012012
Lorewood	1170	1 (Excellent)	41	69	49	2 (2016-08-19)	4	41	85	 01010101
Singorr	195	1 (Excellent)	71	70	65	2 (2016-08-19)	7	7	103	 01012111
Maggotmonger	190	1 (Excellent)	62	71	60	2 (2016-08-25)	6	7	140	 02001012
Acruxx	140	1 (Excellent)	66	75	74	2 (2016-08-19)	6	6	90	 01010202
Rorszale	159	1 (Excellent)	74	79	79	2 (2016-08-25)	8	8	182	 02022110
Musicah	348	2 (Solid)	24	13	39	4 (2016-07-22)	1	1	4	 00000100
Uaneldar	109	2 (Solid)	35	29	21	2 (2016-08-19)	2	2	80	 01010000
Anza	157	2 (Solid)	33	31	78	2 (2016-08-19)	2	3	72	 01001000
Quay	1257	2 (Solid)	45	34	33	2 (2016-08-19)	3	25	74	 01001010
Atlans	918	2 (Solid)	42	47	1	2 (2016-08-19)	3	22	82	 01010010
Kurrie	144	2 (Solid)	80	81	82	3 (2016-08-11)	8	8	82	 00034010
Nataheln	78	3 (Patchy)	8	4	19	5 (N/A)	0	0	0	 00000000
Foresst	59	3 (Patchy)	12	6	63	5 (N/A)	0	0	0	 00000000
Hhrolf	3121	3 (Patchy)	65	24	58	3 (2016-08-05)	3	50	19	 00010011
Daigeh	278	3 (Patchy)	34	37	3	4 (2016-07-21)	1	6	2	 00000010
Moak	86	3 (Patchy)	52	46	75	3 (2016-08-05)	2	2	20	 00010100
Ruarik	1705	3 (Patchy)	10	53	26	4 (2016-05-20)	0	44	0	 00000000
Shaymous	74	3 (Patchy)	50	57	67	2 (2016-08-25)	2	2	80	 01010000
Tiogajoe	60	3 (Patchy)	67	65	44	2 (2016-08-25)	2	2	80	 01010000
Squashbettle	496	3 (Patchy)	59	67	59	4 (2016-07-28)	2	17	5	 00000101
Bigganz	115	3 (Patchy)	55	68	37	3 (2016-08-11)	2	4	17	 00010001
Wahzoo	53	3 (Patchy)	54	72	77	1 (2016-08-26)	2	2	192	 11000000
Oshu	45	3 (Patchy)	61	77	4	1 (2016-08-26)	2	2	192	 11000000
Zaibez	15	4 (Low)	1	0	11	5 (N/A)	0	0	0	 00000000
Shawnteria	3	4 (Low)	2	1	12	5 (N/A)	0	0	0	 00000000
Catness	53	4 (Low)	3	2	66	5 (N/A)	0	0	0	 00000000
Cazzin	34	4 (Low)	4	3	14	5 (N/A)	0	0	0	 00000000
Methauros	24	4 (Low)	9	5	22	5 (N/A)	0	0	0	 00000000
Zzot	25	4 (Low)	14	7	32	5 (N/A)	0	0	0	 00000000
Leyela	36	4 (Low)	16	8	38	5 (N/A)	0	0	0	 00000000
Furiousa	33	4 (Low)	17	9	40	5 (N/A)	0	0	0	 00000000
Ninn	2	4 (Low)	19	10	83	5 (N/A)	0	0	0	 00000000
Dunkn	14	4 (Low)	20	11	45	5 (N/A)	0	0	0	 00000000
Ophelia	1	4 (Low)	22	12	47	5 (N/A)	0	0	0	 00000000
Fadoram	775	4 (Low)	82	14	18	4 (2016-07-08)	2	4	2	 00000002
Thought	87	4 (Low)	18	17	42	4 (2016-06-30)	0	1	0	 00000000
Belrusswolfe	244	4 (Low)	21	18	46	4 (2015-11-14)	0	3	0	 00000000
Snapcc	159	4 (Low)	5	20	72	4 (2016-06-03)	0	2	0	 00000000
Attune	1366	4 (Low)	11	30	27	4 (2016-06-23)	0	26	0	 00000000
Bolo	3339	4 (Low)	0	36	10	4 (2016-07-01)	0	70	0	 00000000
Mirgmir	3273	4 (Low)	78	44	9	4 (2016-07-07)	1	74	1	 00000001
Wrekless	387	4 (Low)	7	54	17	4 (2016-06-16)	0	10	0	 00000000
Liosis	297	4 (Low)	83	61	23	4 (2016-07-22)	1	9	4	 00000100
Phrom	259	4 (Low)	6	73	15	4 (2016-05-28)	0	10	0	 00000000
Maximillious	49	4 (Low)	77	74	0	1 (2016-08-26)	1	2	128	 10000000
Sjofn	70	4 (Low)	79	76	69	3 (2016-08-11)	2	3	24	 00011000
Litlex	20	4 (Low)	70	78	8	2 (2016-08-19)	1	1	64	 01000000
Georgeo	650	4 (Low)	73	80	73	2 (2016-08-19)	1	34	64	 01000000
Hits	35	4 (Low)	13	82	30	4 (2016-06-17)	0	2	0	 00000000
Raludin	16	4 (Low)	81	83	80	4 (2016-07-22)	2	2	5	 00000101