Siouxe	4124	1 (Excellent)	50	15	10	1 (2016-09-09)	5	46	199	 11000111
Balthier	2954	1 (Excellent)	26	19	40	4 (2016-08-05)	2	38	6	 00000110
Arillia	3250	1 (Excellent)	42	20	42	1 (2016-09-09)	5	42	206	 11001110
Veanda	2884	1 (Excellent)	24	21	53	2 (2016-09-01)	2	44	65	 01000001
Idaen	2518	1 (Excellent)	41	22	47	3 (2016-08-12)	4	39	11	 00001003
Gotjja	2831	1 (Excellent)	45	24	43	1 (2016-09-08)	5	46	182	 10110110
Action	4083	1 (Excellent)	35	25	3	1 (2016-09-09)	4	67	165	 10100101
Batevil	3065	1 (Excellent)	66	27	45	2 (2016-09-02)	7	53	126	 01111102
Chewi	2328	1 (Excellent)	32	30	11	4 (2016-08-11)	3	44	10	 00001002
Quay	1299	1 (Excellent)	44	31	39	2 (2016-09-02)	4	26	83	 01010011
Lekri	1597	1 (Excellent)	46	32	48	2 (2016-09-01)	4	32	137	 02001001
Darom	1010	1 (Excellent)	34	33	36	1 (2016-09-09)	4	21	139	 10001011
Ilsidri	1100	1 (Excellent)	36	34	6	3 (2016-08-26)	4	23	51	 00110011
Kalyca	183	1 (Excellent)	40	36	70	2 (2016-09-02)	4	4	82	 01002010
Sargtlin	3353	1 (Excellent)	21	38	37	4 (2016-08-05)	1	74	4	 00000100
Kanjin	3620	1 (Excellent)	27	39	15	3 (2016-08-25)	2	80	33	 00100001
Malvolio	1081	1 (Excellent)	57	40	55	1 (2016-09-09)	6	24	173	 10021101
Shootmx	3539	1 (Excellent)	69	41	26	1 (2016-09-09)	8	79	197	 10032101
Starchild	3127	1 (Excellent)	61	42	33	1 (2016-09-08)	6	71	218	 11011002
Minx	928	1 (Excellent)	38	43	31	1 (2016-09-08)	4	22	165	 10100101
Velos	1250	1 (Excellent)	30	45	28	3 (2016-08-19)	3	30	18	 00010002
Thalas	1118	1 (Excellent)	48	46	44	2 (2016-09-02)	5	27	86	 01010102
Ilyanir	751	1 (Excellent)	58	47	49	3 (2016-08-25)	5	19	54	 00110102
Wenya	904	1 (Excellent)	60	48	46	1 (2016-09-09)	6	23	206	 11001102
Alore	953	1 (Excellent)	43	51	19	1 (2016-09-08)	4	25	165	 10100101
Olarien	333	1 (Excellent)	63	54	64	2 (2016-09-02)	7	9	118	 01110022
Madstomper	845	1 (Excellent)	22	55	27	4 (2016-08-05)	1	23	4	 00000100
Latrezis	244	1 (Excellent)	52	56	65	1 (2016-09-08)	6	7	179	 10102011
Koramor	313	1 (Excellent)	71	57	63	2 (2016-09-02)	7	9	92	 01010212
Anza	208	1 (Excellent)	56	58	72	1 (2016-09-09)	5	6	338	 21010010
Calloneous	303	1 (Excellent)	39	59	67	1 (2016-09-09)	4	9	153	 10011001
Uaneldar	163	1 (Excellent)	55	63	32	1 (2016-09-08)	5	5	280	 12011000
Lorewood	1207	1 (Excellent)	31	68	41	3 (2016-08-19)	3	41	21	 00010101
Singorr	249	1 (Excellent)	76	70	59	1 (2016-09-09)	9	9	223	 11011023
Acruxx	191	1 (Excellent)	67	75	73	1 (2016-09-09)	7	8	215	 11010103
Rorszale	213	1 (Excellent)	75	76	76	1 (2016-09-08)	9	9	198	 10112022
Nataheln	111	2 (Solid)	23	13	25	2 (2016-09-02)	1	1	64	 01000000
Salilye	300	2 (Solid)	37	14	60	3 (2016-08-19)	3	3	19	 00010011
Hhrolf	3164	2 (Solid)	33	23	52	4 (2016-08-05)	2	50	5	 00000101
Keltiklen	3638	2 (Solid)	20	28	50	4 (2016-06-30)	0	66	0	 00000000
Atlans	918	2 (Solid)	51	44	13	3 (2016-08-19)	3	22	21	 00010101
Vitriol	226	2 (Solid)	72	53	74	1 (2016-09-09)	6	6	175	 10101111
Oshu	99	2 (Solid)	49	61	58	2 (2016-09-02)	3	3	112	 01110000
Arukus	641	2 (Solid)	64	64	61	2 (2016-09-01)	5	20	84	 01010012
Bashhum	1005	2 (Solid)	73	67	51	3 (2016-08-19)	5	34	25	 00010121
Maggotmonger	190	2 (Solid)	54	71	54	3 (2016-08-25)	4	7	67	 00200011
Wahzoo	104	2 (Solid)	62	72	71	1 (2016-09-08)	4	4	240	 11110000
Kurrie	171	2 (Solid)	81	79	80	2 (2016-09-01)	9	9	91	 01001331
Cazzin	62	3 (Patchy)	13	6	23	5 (N/A)	0	0	0	 00000000
Methauros	75	3 (Patchy)	17	8	75	5 (N/A)	0	0	0	 00000000
Catness	78	3 (Patchy)	28	18	69	1 (2016-09-08)	1	1	128	 10000000
Zaibez	60	3 (Patchy)	29	26	22	2 (2016-09-01)	1	1	64	 01000000
Daigeh	320	3 (Patchy)	25	29	30	4 (2016-07-21)	1	6	1	 00000001
Moak	91	3 (Patchy)	65	37	57	4 (2016-08-05)	2	2	6	 00000110
Ruarik	1709	3 (Patchy)	6	49	8	4 (2016-05-20)	0	44	0	 00000000
Shaymous	76	3 (Patchy)	53	52	66	3 (2016-08-25)	2	2	36	 00100100
Squashbettle	509	3 (Patchy)	59	66	56	4 (2016-07-28)	2	17	3	 00000011
Bigganz	115	3 (Patchy)	68	69	5	4 (2016-08-11)	2	4	9	 00001001
Ninn	2	4 (Low)	1	0	82	5 (N/A)	0	0	0	 00000000
Dunkn	27	4 (Low)	2	1	2	5 (N/A)	0	0	0	 00000000
Osirys	14	4 (Low)	3	2	79	5 (N/A)	0	0	0	 00000000
Zerowaphex	29	4 (Low)	8	3	16	5 (N/A)	0	0	0	 00000000
Shawnteria	4	4 (Low)	9	4	17	5 (N/A)	0	0	0	 00000000
Zzot	25	4 (Low)	12	5	20	5 (N/A)	0	0	0	 00000000
Foresst	59	4 (Low)	15	7	62	5 (N/A)	0	0	0	 00000000
Syreena	9	4 (Low)	18	9	35	5 (N/A)	0	0	0	 00000000
Leyela	39	4 (Low)	19	10	38	5 (N/A)	0	0	0	 00000000
Fadoram	776	4 (Low)	5	11	7	4 (2016-07-08)	0	4	0	 00000000
Tseuq	128	4 (Low)	16	12	29	4 (2013-10-05)	0	1	0	 00000000
Belrusswolfe	244	4 (Low)	14	16	24	4 (2015-11-14)	0	3	0	 00000000
Snapcc	159	4 (Low)	10	17	78	4 (2016-06-03)	0	2	0	 00000000
Bolo	3339	4 (Low)	7	35	14	4 (2016-07-01)	0	70	0	 00000000
Wrekless	387	4 (Low)	11	50	18	4 (2016-06-16)	0	10	0	 00000000
Liosis	302	4 (Low)	82	60	34	4 (2016-07-22)	1	9	1	 00000001
Keldivar	33	4 (Low)	47	62	1	2 (2016-09-02)	1	1	64	 01000000
Tiogajoe	60	4 (Low)	74	65	12	3 (2016-08-25)	2	2	40	 00101000
Maximillious	52	4 (Low)	78	73	21	3 (2016-08-26)	1	2	32	 00100000
Phrom	259	4 (Low)	0	74	0	4 (2016-05-28)	0	10	0	 00000000
Sjofn	70	4 (Low)	79	77	68	4 (2016-08-11)	2	3	10	 00001010
Georgeo	653	4 (Low)	70	78	77	3 (2016-08-19)	1	34	16	 00010000
Hits	38	4 (Low)	4	80	4	4 (2016-06-17)	0	2	0	 00000000
Litlex	30	4 (Low)	77	81	9	1 (2016-09-09)	2	2	144	 10010000
Raludin	16	4 (Low)	80	82	81	4 (2016-07-22)	1	2	1	 00000001